-3.0
-2.9240506329113924
-2.848101265822785
-2.7721518987341773
-2.6962025316455698
-2.6202531645569622
-2.5443037974683542
-2.4683544303797467
-2.392405063291139
-2.3164556962025316
-2.240506329113924
-2.1645569620253164
-2.088607594936709
-2.0126582278481013
-1.9367088607594938
-1.860759493670886
-1.7848101265822784
-1.7088607594936709
-1.6329113924050633
-1.5569620253164558
-1.481012658227848
-1.4050632911392404
-1.3291139240506329
-1.2531645569620253
-1.1772151898734178
-1.1012658227848102
-1.0253164556962024
-0.9493670886075949
-0.8734177215189873
-0.7974683544303798
-0.7215189873417721
-0.6455696202531646
-0.569620253164557
-0.4936708860759494
-0.4177215189873418
-0.34177215189873417
-0.26582278481012656
-0.189873417721519
-0.11392405063291139
-0.0379746835443038
0.0379746835443038
0.11392405063291139
0.189873417721519
0.26582278481012656
0.34177215189873417
0.4177215189873418
0.4936708860759494
0.569620253164557
0.6455696202531646
0.7215189873417721
0.7974683544303798
0.8734177215189873
0.9493670886075949
1.0253164556962024
1.1012658227848102
1.1772151898734178
1.2531645569620253
1.3291139240506329
1.4050632911392404
1.481012658227848
1.5569620253164558
1.6329113924050633
1.7088607594936709
1.7848101265822784
1.860759493670886
1.9367088607594938
2.0126582278481013
2.088607594936709
2.1645569620253164
2.240506329113924
2.3164556962025316
2.392405063291139
2.4683544303797467
2.5443037974683542
2.6202531645569622
2.6962025316455698
2.7721518987341773
2.848101265822785
2.9240506329113924
3.0
