0.5533482119403521
0.56689673244722
0.5829959332678682
0.6027154825171908
0.6275438678643234
0.6606336527512054
0.7084295421223102
0.7895578704066012
1.0299206257042535
0.8363022837406269
0.6895988388861524
0.6065247095007449
0.5467184685904024
0.49920201810774956
0.4593629508445415
0.4248259560555034
0.39413571833953576
0.36644311642697375
0.34111237399122296
0.31766727436236264
0.29586512363419
0.2753664786734979
0.2560029000446478
0.23766810182409653
0.22013925465373804
0.20335070624939783
0.18721178199805832
0.17163274262367706
0.15654525590978
0.14187005829728896
0.12756470881219098
0.11356219716786012
0.0998185505433377
0.08628971653186576
0.0729278023506136
0.05967451436889626
0.04651660678562098
0.033392818680693784
0.0202744309587641
0.007158225650436034
0.0071996725127923
0.020603107838891074
0.034302274517238315
0.04831254937244054
0.06269984059323515
0.07754670311761837
0.0929562271771454
0.10904162725433049
0.12596062201429284
0.14389217371381718
0.16306774384794784
0.18381240307052527
0.2065307926648717
0.23182673350750507
0.2605064096309857
0.2939152622978175
0.33417178327180735
0.38513286780988165
0.4549235076167962
0.5645916948216455
0.8064564492519203
1.3077626613863003
0.8879044862004892
0.7547853822427621
0.6792267343184933
0.6279972302992407
0.5898955917398981
0.5599358644016386
0.5353996138718835
0.5147490537245273
0.4970921749097744
0.48152219652680106
0.467689849949321
0.45535178870567466
0.4441183157339733
0.4338525020247664
0.424391352555002
0.4156184540358619
0.407435258881553
0.3997978551775164
